160
0.84018771715471
0.39438292681909
0.78309922375861
0.79844003347607
0.91164735793678
0.19755136929338
0.33522275571489
0.7682295948119
0.27777471080319
0.55396995579543
0.47739705186216
0.62887092476192
0.36478447279184
0.51340091019562
0.95222972517471
0.9161950680037
0.6357117279599
0.71729692943268
0.1416025553558
0.60696887625706
0.01630057162433
0.24288677062974
0.13723157678602
0.80417675422699
0.15667908925408
0.40094439424618
0.12979044678146
0.10880880202577
0.99892451800356
0.21825690531091
0.5129323944044
0.83911223469261
0.61263983259566
0.29603161769734
0.63755226770302
0.52428719006678
0.49358298699073
0.97277502388357
0.29251678441303
0.77135769779391
0.52674497921334
0.76991383627519
0.40022862209018
0.89152945200518
0.28331474600514
0.35245834726489
0.80772452000888
0.91902647396504
0.069755276231913
0.94932707536469
0.5259953502221
0.086055847856242
0.19221384599442
0.66322692700812
0.89023260254889
0.34889293524851
0.064171320788642
0.020023048864688
0.45770173727428
0.06309583832654
0.2382799541756
0.97063413167868
0.90220807348481
0.85091978677126
0.26666574937602
0.53976034072217
0.37520697637238
0.76024873636675
0.51253536414007
0.66772376078541
0.53160643416066
0.039280343353413
0.43763759659493
0.93183505625084
0.9308097953586
0.72095234306574
0.28429340305007
0.73853431490182
0.63997881656512
0.35404867974764
0.6878613902665
0.16597416632156
0.44010452760388
0.88007523626093
0.82920109332968
0.33033712968712
0.22896817104377
0.89337241458398
0.3503601785518
0.68666990831805
0.95646825291052
0.58864013319306
0.65730403953106
0.85867632592967
0.43955991949866
0.92396978890708
0.39843666665183
0.8147668963367
0.68421852527383
0.91097203079191
0.48249065665644
0.21582495896883
0.95025237414532
0.92012825371704
0.147660014754
0.88106216950392
0.64108059631711
0.43195341826973
0.61959648394007
0.28105941241656
0.78600209801737
0.30745787374091
0.44703357920378
0.2261066251556
0.18753310953618
0.2762346720678
0.55644375530837
0.41650128057995
0.16960708618611
0.90680393386018
0.10317118843234
0.12607533909663
0.49544406658758
0.76047522842906
0.9847516650263
0.93500398655189
0.68444501687048
0.38318833121247
0.74977088242293
0.36866354167865
0.29416036200438
0.23226153861371
0.58448850064747
0.24441273568404
0.15238979186508
0.73214851586714
0.12547490472229
0.79347038818219
0.16410193367121
0.74507138912802
0.074529800598756
0.95010403168858
0.052529262403273
0.52156337980254
0.17621065637852
0.24006237240511
0.79779805187033
0.73265441168689
0.65656365298506
0.96740513852211
0.63945834554707
0.75973484188306
0.093480477153082
0.13490241166898
0.52021006984646
0.07823214171372
0.069906397755214
0.20465508625128
0.46142047339185
0.81967728017814
